$coord
    0.03579425573719     -0.09112374056391      0.89335307999458      cr
    5.42783204665614     -2.17294661121026      0.65916514368075      o
    3.40375271909106     -1.38928570065300      0.82378719806096      c
   -0.04074270812561     -0.17596705876656     -2.57265467283161      c
   -0.08912415394703     -0.22969604472894     -4.75994430975133      o
   -3.33299931144879      1.20626988769390      0.90894089019304      c
   -5.36291624030506      1.98396405987989      0.79581613233819      o
    1.33083886695733      3.27583741049000      0.75516281864174      c
    2.10688687476585      5.29904198098028      0.54889443619263      o
   -1.26102459345897     -3.45925462128772      0.97643580779788      c
   -2.04398697392212     -5.48898687883367      0.90363185868314      o
$end
